lastAccountName: Ekrick1
timestamps:
  login: 1431188513521
ipAddress: 127.0.0.1
lastlocation:
  world: Lobby
  x: 5.0
  y: 10.0
  z: 8.0
  yaw: 0.0
  pitch: 0.0
logoutlocation:
  world: Boombeard
  x: -247.48907552161322
  y: 186.00133597911216
  z: 319.34831729606213
  yaw: 222.64786
  pitch: -19.875977
