uuid: 214bf63b-a4dc-47ae-a7be-07c64d602973
timestamps:
  login: 1431186969435
  logout: 1431185684932
  lastteleport: 1431186760123
ipAddress: 127.0.0.1
logoutlocation:
  world: OjoDeHorus
  x: -37.0
  y: 62.0
  z: 220.0
  yaw: 92.61107
  pitch: 90.0
lastAccountName: Forge37gamer
lastlocation:
  world: OjoDeHorus
  x: -17.86306415255225
  y: 63.0
  z: 227.41371282763959
  yaw: 270.47983
  pitch: 36.55191
